-2.210156 -4.689371 -124.41943
-34.75094 -4.837434 -129.15881
-55.45572 -4.732506 -106.45353
-61.310696 -4.723071 -98.541626
-54.676155 -4.790618 -55.99601
-54.347103 -4.7688103 -50.17894
-57.51989 -4.8038154 -40.108986
-56.487907 -4.7734604 50.63218
-55.216526 -4.7363973 60.16541
-58.29425 -4.744771 72.45597
-62.55123 -4.682911 107.98529
-47.276882 -4.7174644 123.67411
-34.230537 -4.7326107 131.45412
-7.048112 -4.7325034 130.9016
10.771547 -4.7325034 112.79748
17.823536 -4.6887903 98.784935
11.668057 -4.6869307 -41.461403
18.433916 -4.6869307 -52.415264
23.948107 -4.5506854 -75.124115
23.431145 -4.7174683 -102.84186
10.954583 -4.7174683 -119.097786
-0.7008114 -4.689371 -127.85893
