521.50 -9 -830.48 2
510.65 -9 -162.38 1
616.20 -9 -35.36 2
759.45 -9 594.19 1
548.61 -9 923.21 2
15.94 -9 982.41 75.12 1
-410.99 -9 897.52 1
-346.34 -9 416.57 2
-384.76 -9 4.73 1
-384.77 -9 4.74 2
-354.06 -9 -393.19 1
-322.89 -9 -842.36 2
-118.83 -9 -958 1
-108.41 -9 -971.50 2
290.98 -9 -974.17 1
333.52 -9 -947.61 2
333.57 -9 -947.66 1
333.53 -9 -947.70 2
333.53 -9 -947.57 1
467.03 -9 -813.56 1
593.36 -9 -1001.99 2
593.36 -9 -1001.88 1
870.87 -9 -946.31 2
862.14 -9 -946.80 2
466.94 -9 -984.64 1
515.90 -9 -902.34 2
